3 66.6558 16 0.81174 0 0 0 0
2 45.3128 2 0.117236 0 0 1 0
2 45.7105 6 0.37566 0 0 1 0
3 65.5295 11 0.431049 0 0 0 0
3 64.3664 17 0.850365 0 0 0 0
3 63.8952 6 0.393354 0 0 0 0
3 65.2777 3 0.183047 0 0 0 0
3 65.0661 24 0.985941 0 0 0 0
3 65.4903 3 0.207419 0 0 0 0
3 65.1239 3 0.173501 0 0 0 0
3 65.0329 6 1.25711 0 0 0 0
3 64.9241 6 0.319415 0 0 0 0
3 64.6686 18 4.5114 0 0 0 0
3 67.3651 8 0.412375 0 0 0 0
2 44.3735 2 0.123448 0 0 1 0
3 67.6582 10 0.564107 0 0 0 0
2 44.3545 2 0.125072 0 0 1 0
3 65.089 7 0.397989 0 0 0 0
3 64.0547 10 0.537874 0 0 0 0
3 62.8772 16 0.892031 0 0 0 0
3 64.7786 7 0.372667 0 0 0 0
3 64.8039 8 0.422975 0 0 0 0
2 43.8158 3 0.222162 0 0 1 0
3 64.8556 19 2.83533 0 0 0 0
3 64.3699 13 0.623456 0 0 0 0
2 43.2311 20 11.4368 0 0 0 1
2 44.083 3 0.21922 0 0 1 0
3 65.0825 37 1.96107 0 0 0 0
3 64.8173 22 4.86375 0 0 0 0
3 63.6457 11 0.661321 0 0 0 0
3 64.5026 13 2.52569 0 0 0 0
3 65.8352 3 0.192249 0 0 0 0
3 68.3721 6 0.339169 0 0 0 0
3 65.3899 12 1.56658 0 0 0 0
3 66.5325 9 0.518175 0 0 0 0
3 65.4217 10 0.477211 0 0 0 0
3 64.546 8 0.435875 0 0 0 0
2 43.1889 19 6.69407 0 0 0 1
3 65.1509 3 0.228586 0 0 0 0
3 64.602 20 0.959635 0 0 0 0
2 43.5373 20 14.2725 0 0 0 1
3 63.2715 13 0.76329 0 0 0 0
3 64.6164 33 1.5427 0 0 0 0
3 66.4437 20 1.03905 0 0 0 0
3 67.4298 15 0.728321 0 0 0 0
3 64.8993 11 0.605088 0 0 0 0
3 66.8025 9 4.28748 0 0 0 0
3 65.1502 10 0.544894 0 0 0 0
3 70.0966 15 2.69058 0 0 0 0
2 45.0515 2 0.128364 0 0 1 0
