4 86.9941 16 0.778007 0.0115113 0.000107173 0 0
4 86.3882 8 0.486492 0.0121443 9.4483e-05 0 0
4 88.2594 16 7.56253 0.0163738 0.000117198 0 0
4 87.1171 16 3.69769 0.0204994 8.1723e-05 0 0
4 86.8294 16 0.869483 0.00957114 0.000103642 0 0
4 89.4301 12 0.645126 0.0115395 0.000113454 0 0
4 88.0728 8 0.471407 0.0165556 0.00011033 0 0
4 85.079 21 6.5911 0.00397638 4.7439e-05 0 0
4 91.4262 20 1.99216 0.011772 8.9642e-05 0 0
4 90.4995 8 0.488274 0.0108712 7.8721e-05 0 0
4 86.7553 7 0.40506 0.0129295 0.000134746 0 0
4 86.4762 10 0.603275 0.0201323 0.000117104 0 0
4 86.315 9 0.476884 0.0146578 9.3449e-05 0 0
4 84.9214 7 0.401951 0.0124303 9.4621e-05 0 0
4 85.7598 36 6.51695 0.011495 0.000112129 0 0
4 86.5279 12 0.624522 0.0103038 0.000111972 0 0
4 86.9967 12 1.53724 0.0102705 9.7569e-05 0 0
4 85.6327 10 1.5143 0.00892884 0.000115899 0 0
4 90.7134 8 0.469006 0.0150183 0.000110875 0 0
4 91.9045 10 0.393438 0.00695272 5.3955e-05 0 0
4 86.3745 15 0.714199 0.0138483 9.816e-05 0 0
4 87.7857 14 0.555195 0.00360262 5.6623e-05 0 0
3 67.5609 31 12.9855 0.00840515 0.000111571 0 1
4 86.4102 12 0.632319 0.0122019 0.000104867 0 0
4 87.6047 7 0.437135 0.0186027 8.3601e-05 0 0
4 85.8423 12 1.5601 0.00926797 0.000106072 0 0
3 63.948 37 13.3006 0.0175565 0.000108913 0 1
4 95.6934 10 0.593265 0.00929251 0.000109733 0 0
4 85.4942 6 0.321532 0.0143378 0.000113783 0 0
4 88.4088 6 0.385769 0.00755829 0.000120055 0 0
4 90.2046 17 5.71879 0.00789332 7.5806e-05 0 0
4 88.6124 4 0.260859 0.0149061 0.000101476 0 0
4 88.1269 4 0.309701 0.0137625 0.00010591 0 0
4 88.3114 11 0.638546 0.0114169 0.000121482 0 0
4 86.3813 13 0.691226 0.0139222 0.000109968 0 0
4 87.7141 6 0.447828 0.0104836 0.000110559 0 0
4 86.6955 12 0.642751 0.0200382 8.1655e-05 0 0
4 89.6385 7 0.423589 0.0157411 0.000124198 0 0
4 88.6568 7 0.405446 0.010152 0.000146865 0 0
3 63.9114 22 6.90841 0.00829232 0.000122178 0 1
4 87.8593 13 0.764839 0.0110863 0.000139709 0 0
4 86.9076 6 0.366722 0.0232567 0.000102138 0 0
4 86.6764 12 2.5327 0.00753783 8.3304e-05 0 0
4 88.9836 7 0.35671 0.0125335 0.000104713 0 0
4 87.0634 6 0.341513 0.0133775 0.000106797 0 0
4 87.2556 7 0.449948 0.01996 9.2116e-05 0 0
4 87.1287 18 0.999244 0.0146678 8.3017e-05 0 0
4 86.2137 20 2.89125 0.013325 0.000109925 0 0
4 87.4698 7 0.420461 0.00813523 8.5801e-05 0 0
4 88.6774 23 1.15867 0.0164576 0.000132939 0 0
