5 105.844 10 1.37555 0.0141608 8.6878e-05 0 0
5 107.675 9 1.39118 0.00998693 0.000109465 0 0
5 108.515 15 1.79415 0.0189032 0.000195113 0 0
5 111.986 18 0.800382 0.0114732 9.5412e-05 0 0
5 109.395 21 2.01123 0.0387983 0.000263653 0 0
4 89.3172 46 19.3458 0.0397408 0.000174704 0 1
5 109.518 11 0.567234 0.0166078 0.000240158 0 0
5 108.001 8 0.395506 0.0340966 0.000238289 0 0
5 111.508 8 0.452351 0.04221 0.000196459 0 0
5 107.548 6 0.34833 0.019815 0.000171972 0 0
5 110.188 9 0.481204 0.0208159 0.000265958 0 0
5 109.129 12 0.667542 0.0318964 0.00016458 0 0
5 108.141 17 2.75883 0.0193661 0.000295093 0 0
5 110.314 5 0.355163 0.0177562 0.000150393 0 0
4 88.1432 27 9.91012 0.0353309 0.000211041 0 1
5 108.837 11 1.52954 0.0215234 0.000248121 0 0
5 113.671 6 0.437171 0.0213302 0.000187674 0 0
5 108.043 13 0.502121 0.0138861 8.2836e-05 0 0
5 106.866 14 0.566773 0.0146606 0.000110671 0 0
5 109.339 13 0.71971 0.0325172 0.000151711 0 0
5 108.383 14 0.830673 0.017801 0.00014194 0 0
5 109.027 14 0.837373 0.020733 0.000207016 0 0
5 106.762 8 0.458638 0.0265648 0.000179794 0 0
5 107.722 12 1.61966 0.0229125 0.000261789 0 0
5 107.271 17 0.910665 0.0193201 0.000225789 0 0
5 114.648 23 1.13006 0.026282 0.000294805 0 0
5 109.896 15 2.75873 0.0203163 0.00024406 0 0
3 65.3921 37 21.8479 0.0177159 0.000183528 0 1
5 106.079 12 0.634627 0.0194741 0.000162738 0 0
5 112.987 9 0.479749 0.0269434 0.000236397 0 0
5 107.21 17 2.79545 0.0260594 0.000252889 0 0
5 111.211 26 7.00172 0.0211694 0.000243261 0 0
5 109.308 8 0.474445 0.024547 0.000287847 0 0
5 110.937 9 0.538468 0.0273663 0.000202228 0 0
5 111.736 25 2.25176 0.0250612 0.000240233 0 0
5 109.2 17 0.782622 0.0166157 0.000156829 0 0
5 109.042 8 0.456166 0.0181587 0.000162155 0 0
5 110.328 13 0.562312 0.0119375 0.000138252 0 0
5 110.619 14 0.604201 0.008009 8.8677e-05 0 0
4 85.8942 36 9.35874 0.0293052 0.000215269 0 1
5 108.527 21 2.06219 0.0178757 0.000179641 0 0
5 115.883 26 8.39587 0.0190671 0.000139135 0 0
5 111.928 9 0.551154 0.0213725 0.000201422 0 0
5 109.277 8 0.542093 0.0360867 0.000324869 0 0
5 106.571 9 0.431592 0.00838963 6.8761e-05 0 0
5 122.121 22 2.09775 0.0277501 0.000261947 0 0
4 86.9015 14 6.60099 0.0281087 0.00017746 0 1
5 111.077 8 0.484665 0.0234816 0.000183434 0 0
5 108.43 8 0.587941 0.0160128 0.000161558 0 0
5 109.357 13 1.11318 0.0346739 0.000220173 0 0
