4 85.477 12 1.45258 0 0 1 0
5 106.732 11 0.454869 0 0 0 0
5 108.35 28 2.40074 0 0 0 0
5 107.314 32 1.29002 0 0 0 0
4 88.9335 27 2.27632 0 0 1 0
3 71.8259 58 11.406 0 0 1 1
5 109.323 21 1.12097 0 0 0 0
5 107.44 18 0.854741 0 0 0 0
5 111.436 11 0.667403 0 0 0 0
3 65.2544 3 0.186166 0 0 2 0
4 88.9745 10 0.555564 0 0 1 0
4 89.2887 31 11.2322 0 0 1 1
5 108.137 29 3.36878 0 0 0 0
4 88.9244 15 9.33997 0 0 1 1
4 86.4559 39 11.4216 0 0 0 1
5 109.651 37 1.81124 0 0 1 0
4 98.1043 5 0.495127 0 0 1 0
4 85.8866 18 0.735246 0 0 1 0
5 106.962 17 0.643816 0 0 0 0
4 88.5609 20 1.0468 0 0 1 0
5 113.362 27 1.41326 0 0 0 0
4 87.964 17 0.886557 0 0 1 0
5 108.26 26 1.24326 0 0 1 0
5 107.62 19 2.90331 0 0 0 0
5 110.27 38 6.68741 0 0 0 0
4 89.491 52 2.51694 0 0 1 0
5 109.774 23 3.15674 0 0 0 0
3 65.3462 31 15.7408 0 0 0 1
4 85.6311 17 0.865797 0 0 1 0
5 111.184 16 0.918003 0 0 0 0
5 106.959 39 3.9198 0 0 0 0
5 110.066 45 2.22541 0 0 0 0
4 88.2383 14 0.744279 0 0 1 0
4 88.2059 13 0.747275 0 0 1 0
4 91.958 38 1.86678 0 0 1 0
5 108.889 37 1.62373 0 0 0 0
5 108.913 15 0.886853 0 0 0 0
4 90.8757 12 0.566152 0 0 1 0
5 109.282 27 1.10802 0 0 0 0
4 85.9687 60 12.4588 0 0 0 1
4 89.8193 39 1.84972 0 0 1 0
4 90.7585 33 1.98269 0 0 2 0
5 114.374 22 1.09749 0 0 1 0
4 89.2085 17 0.857439 0 0 2 0
4 87.2012 9 0.356205 0 0 1 0
5 119.919 38 3.79645 0 0 0 0
4 86.8527 15 6.54048 0 0 0 1
4 89.2173 7 0.438595 0 0 1 0
4 90.0847 7 0.457879 0 0 1 0
5 109.273 26 1.55916 0 0 0 0
