6 129.834 11 0.715222 0.0432441 0.0004819 0 0
6 131.833 23 1.23116 0.0526469 0.000517398 0 0
6 132.016 20 2.20838 0.0585274 0.000447387 0 0
6 132.387 12 0.697132 0.0323565 0.000506746 0 0
6 130.25 31 5.30193 0.0622362 0.000345368 0 0
6 131.908 19 0.885935 0.0195208 0.000141314 0 0
6 131.537 16 0.962902 0.0412515 0.000371028 0 0
6 131.141 10 0.572411 0.0450418 0.000464168 0 0
6 129.99 7 0.488593 0.0488529 0.000420056 0 0
6 129.228 9 0.526579 0.0441201 0.000451771 0 0
6 131.836 14 0.769651 0.0340872 0.000463647 0 0
6 128.8 20 2.06355 0.0372934 0.000475862 0 0
5 108.247 22 0.853984 0.0209666 0.000167051 1 0
6 129.237 14 0.605614 0.0306979 0.000319416 0 0
6 128.754 19 2.11686 0.0545475 0.000445528 0 0
6 129.339 11 0.623784 0.0305612 0.000335894 0 0
6 128.983 13 0.687916 0.0722947 0.00051427 0 0
6 128.463 10 0.543715 0.0575635 0.00053653 0 0
6 130.492 17 0.828182 0.0418536 0.000635334 0 0
6 129.125 38 5.78192 0.0385216 0.000378672 0 0
6 130.821 19 1.01458 0.0383666 0.000566947 0 0
6 130.948 26 1.05537 0.016527 0.000213337 0 0
6 132.537 17 1.99856 0.0577313 0.000694882 0 0
6 134.132 16 0.929977 0.0472331 0.000450968 0 0
6 126.598 13 0.567606 0.0250043 0.000154073 0 0
6 135.474 11 0.623073 0.0386535 0.000362905 0 0
6 135.32 12 0.743402 0.0411317 0.000441912 0 0
6 132.468 17 0.976026 0.0475974 0.000458224 0 0
5 108.84 21 6.78239 0.0188272 0.000238151 0 1
6 129.258 26 2.02174 0.0148779 0.000171741 0 0
5 112.104 19 9.60564 0.0610485 0.000271299 0 1
6 135.972 6 0.407078 0.052742 0.000987984 0 0
6 129.614 9 0.538006 0.0432122 0.000786763 0 0
6 130.235 13 0.695469 0.0471156 0.000344783 0 0
5 111.315 50 19.9565 0.0432779 0.000330705 0 1
6 135.046 11 1.66598 0.0651166 0.000232581 0 0
6 128.348 15 0.897079 0.0212836 0.000169233 0 0
5 110.129 43 17.4355 0.0445783 0.00028256 0 1
6 127.511 20 2.03191 0.0565745 0.0005304 0 0
6 133.967 15 2.71157 0.0419337 0.000460854 0 0
5 111.369 25 12.7519 0.0381633 0.000790536 0 1
6 129.842 19 1.04605 0.0457522 0.000667207 0 0
6 131.788 29 6.899 0.0182022 0.000198742 1 0
6 129.901 21 2.14461 0.0343944 0.000406474 0 0
5 109.173 31 17.7184 0.0256696 0.000222962 0 1
6 127.689 19 2.12913 0.0525315 0.000574098 0 0
6 132.702 10 0.664996 0.0660138 0.000461535 0 0
6 133.486 9 0.527266 0.03186 0.000269586 0 0
6 127.379 13 0.522571 0.0246978 0.000220498 0 0
6 128.17 16 0.89114 0.0429589 0.000520076 0 0
