3 67.5527 11 0.683679 0.0027403 5.4505e-05 0 0
3 66.1615 3 0.195121 0.00797208 4.3168e-05 0 0
3 63.2449 7 0.382962 0.00404596 3.7018e-05 0 0
3 65.7654 6 0.246273 0.0013558 2.532e-05 0 0
3 64.3159 14 0.709277 0.00941175 4.9946e-05 0 0
3 63.8212 6 0.332655 0.00386714 4.028e-05 0 0
3 65.0649 3 0.1852 0.012276 4.8092e-05 0 0
3 65.441 14 0.507555 0.00225607 2.582e-05 0 0
3 65.8371 3 0.175408 0.0140583 6.089e-05 0 0
3 65.2073 3 0.219397 0.0056394 3.7704e-05 0 0
3 64.9797 6 1.31409 0.00334066 4.7962e-05 0 0
3 64.8461 6 0.313568 0.00426613 4.8327e-05 0 0
3 64.5412 13 2.48217 0.00172804 2.4784e-05 0 0
3 67.7357 6 0.353919 0.00227456 4.4323e-05 0 0
3 64.46 3 0.207753 0.00994419 4.0798e-05 0 0
3 67.3617 11 0.531236 0.00219418 4.5859e-05 0 0
3 66.7739 3 0.191741 0.00602786 4.3332e-05 0 0
3 65.0469 7 0.38318 0.00534722 5.2381e-05 0 0
3 63.871 7 0.469617 0.00617559 6.556e-05 0 0
3 62.9183 10 0.505883 0.00279893 4.0524e-05 0 0
3 64.6621 7 0.370679 0.00261568 3.8186e-05 0 0
3 64.813 8 0.410376 0.00775479 4.1649e-05 0 0
3 64.2737 3 0.207422 0.00308697 3.1422e-05 0 0
3 65.0495 12 2.49196 0.0063775 5.7702e-05 0 0
3 64.7208 6 0.351453 0.00596409 5.1011e-05 0 0
2 43.3151 20 11.4646 0.00529479 4.6447e-05 0 1
3 64.6983 5 0.29691 0.00318958 4.4034e-05 0 0
3 65.9919 15 0.810514 0.00418153 4.5275e-05 0 0
3 68.3578 19 4.78929 0.00369724 4.2871e-05 0 0
3 63.5476 7 0.368128 0.00883988 4.6543e-05 0 0
3 65.6218 10 2.39062 0.00825303 4.5337e-05 0 0
3 65.8453 3 0.20572 0.00423513 4.4436e-05 0 0
3 67.3535 3 0.20588 0.00668243 5.321e-05 0 0
3 65.2671 10 1.47552 0.00419319 5.1498e-05 0 0
3 65.5093 18 7.67424 0.00407789 4.6812e-05 0 0
3 65.4774 8 0.480474 0.00297159 4.6567e-05 0 0
3 64.9048 6 0.344111 0.00455761 5.1452e-05 0 0
2 43.1693 16 6.49517 0.00313532 4.563e-05 0 1
3 65.0427 3 0.22505 0.0085113 4.9143e-05 0 0
3 64.7759 25 6.89194 0.00496074 5.4993e-05 0 0
2 43.4982 15 10.2224 0.0020347 2.4009e-05 0 1
3 63.4706 6 0.371322 0.0056263 4.6799e-05 0 0
3 64.5583 14 0.744631 0.0037804 4.2242e-05 0 0
3 66.499 11 0.526588 0.0033994 4.6913e-05 0 0
3 67.5184 10 0.48243 0.00761025 4.8901e-05 0 0
3 65.1767 7 0.335805 0.00432462 4.3801e-05 0 0
3 66.8614 9 4.30172 0.00731615 4.836e-05 0 0
3 65.6122 6 0.314951 0.00250924 4.1646e-05 0 0
3 70.0232 13 2.62817 0.0066906 4.8884e-05 0 0
3 64.5936 3 0.211525 0.00464099 3.5632e-05 0 0
