6 129.764 18 0.94271 0 0 0 0
3 66.8695 8 0.45866 0 0 3 0
6 131.618 41 3.23189 0 0 0 0
5 113.624 24 1.40879 0 0 1 0
6 134.589 70 7.36742 0 0 0 0
5 111.152 29 1.25402 0 0 1 0
4 91.2384 20 1.10353 0 0 2 0
4 87.1019 9 0.563769 0 0 2 0
6 132.194 16 0.882776 0 0 1 0
5 109.881 8 0.455513 0 0 1 0
6 132.006 35 1.70115 0 0 0 0
5 108.168 30 2.45619 0 0 1 0
5 113.22 42 1.69408 0 0 2 0
6 133.185 30 1.23154 0 0 0 0
6 128.852 27 2.70945 0 0 0 0
4 87.5437 13 1.65469 0 0 2 0
6 128.701 42 2.30465 0 0 0 0
5 107.689 24 1.26676 0 0 1 0
6 130.461 41 2.13743 0 0 0 0
5 110.878 64 6.04536 0 0 1 0
6 127.686 45 2.37431 0 0 0 0
6 133.472 75 3.16542 0 0 0 0
6 131.165 32 3.67381 0 0 0 0
5 113.935 39 1.99849 0 0 2 0
6 125.789 30 1.31068 0 0 0 0
5 112.248 8 0.434426 0 0 1 0
6 135.092 14 0.793843 0 0 0 0
6 128.646 27 1.34863 0 0 0 0
5 107.66 25 6.91253 0 0 0 1
6 129.616 73 6.74105 0 0 0 0
4 90.1972 31 10.3586 0 0 1 1
5 112.003 5 0.33354 0 0 1 0
4 90.12 14 0.826974 0 0 2 0
5 110.322 16 0.908527 0 0 1 0
4 89.7941 30 7.39614 0 0 1 1
6 134.511 19 1.97798 0 0 0 0
5 110.774 18 0.935762 0 0 1 0
5 109.006 45 10.9736 0 0 0 1
6 128.672 96 11.618 0 0 1 0
5 112.2 21 2.98963 0 0 1 0
5 111.182 16 6.60619 0 0 0 1
5 109.109 36 1.87223 0 0 1 0
5 108.593 21 0.880818 0 0 1 0
6 132.105 48 3.26404 0 0 1 0
5 109.283 28 12.8718 0 0 0 1
5 107.666 22 1.31121 0 0 1 0
5 113.342 17 0.964697 0 0 1 0
5 110.811 17 0.904739 0 0 1 0
4 85.6582 18 0.710096 0 0 2 0
6 128.833 25 1.39291 0 0 0 0
