4 86.735 29 1.33682 0 0 0 0
4 86.2747 12 0.681551 0 0 0 0
4 89.4982 4 0.263339 0 0 0 0
2 44.2125 16 3.60469 0 0 2 0
4 88.2316 35 1.53332 0 0 0 0
4 86.9806 19 1.04284 0 0 0 0
4 86.237 9 0.462442 0 0 0 0
3 64.8238 14 0.589981 0 0 1 0
4 87.6956 39 3.90669 0 0 0 0
3 67.424 8 0.430399 0 0 1 0
4 86.7431 9 0.725712 0 0 0 0
4 85.7725 20 0.979297 0 0 0 0
3 67.3893 10 0.478493 0 0 1 0
4 84.8373 12 0.693039 0 0 0 0
4 90.5529 79 4.62698 0 0 0 0
3 65.0722 17 0.834254 0 0 1 0
4 86.2006 24 1.11673 0 0 0 0
4 85.5529 20 1.98782 0 0 0 0
4 88.83 9 0.566254 0 0 0 0
3 67.3311 19 0.795279 0 0 1 0
4 86.2182 26 1.22598 0 0 0 0
4 88.4781 29 1.42469 0 0 0 0
3 67.6267 37 13.2321 0 0 0 1
4 86.3969 15 0.781061 0 0 0 0
4 87.6686 8 0.459937 0 0 0 0
4 85.7755 20 2.0004 0 0 0 0
3 63.8238 36 7.44852 0 0 0 1
3 75.4384 12 1.52471 0 0 1 0
2 44.2149 2 0.12969 0 0 2 0
4 88.6927 5 0.317538 0 0 0 0
4 89.9933 10 0.53993 0 0 0 0
3 68.9589 3 0.183604 0 0 1 0
4 87.817 11 0.595292 0 0 0 0
3 67.7428 10 0.564595 0 0 1 0
3 65.308 14 0.698249 0 0 1 0
3 65.3924 5 0.37089 0 0 1 0
2 45.3264 6 0.335547 0 0 2 0
4 89.4999 12 0.664642 0 0 0 0
4 89.6227 10 0.580271 0 0 0 0
3 63.697 32 7.34528 0 0 0 1
4 87.7445 27 1.46896 0 0 0 0
3 66.1467 3 0.23238 0 0 1 0
4 86.6125 16 2.70602 0 0 0 0
3 65.6217 7 0.355828 0 0 1 0
4 89.5044 10 0.618788 0 0 0 0
4 86.5921 12 0.609177 0 0 0 0
4 85.5883 33 1.72599 0 0 0 0
4 87.0785 34 3.5409 0 0 0 0
3 64.9833 9 0.5064 0 0 1 0
3 68.7647 38 1.91972 0 0 1 0
